 TITLE = "Cavity Iterative Residual History"
 variables="Iteration-65-kappa-1""Time(s)-65-kappa-1""Res1-65-kappa-1""Res2-65-kappa-1""Res3-65-kappa-1"
           1   2.6627218934911241E-004   0.0000000000000000        2.4251389596767536E-002                       0
          10   2.6627218934911242E-003   2.5031243128004199E-004   1.2894909005034094E-002  0.18248863198375598     
          20   5.3254437869822485E-003   1.9410093362925984E-004   6.4698711892419158E-003   6.6257139821223721E-002
          30   7.9881656804733723E-003   1.6346559537350203E-004   3.9830715640225556E-003   3.9318292490690743E-002
          40   1.0650887573964497E-002   1.3937970566746394E-004   2.6492478113435691E-003   2.6703249493110093E-002
          50   1.3313609467455622E-002   1.2268381513180771E-004   1.8207880021090528E-003   1.9879479559643087E-002
          60   1.5976331360946745E-002   1.1171954224775682E-004   1.2507604334905942E-003   1.5653103800100432E-002
          70   1.8639053254437852E-002   1.0391381619268003E-004   8.3150443756352388E-004   1.2821875488995049E-002
          80   2.1301775147928959E-002   9.8222897434885326E-005   5.0743087450433322E-004   1.0811209851631087E-002
          90   2.3964497041420067E-002   9.2974128963474456E-005   2.7218252205263305E-004   9.3141525990496632E-003
         100   2.6627218934911174E-002   9.9356522145210846E-005   1.9529083571012684E-004   8.1237161094795951E-003
         110   2.9289940828402281E-002   2.6453391485126154E-004   3.1772596422463550E-004   7.0786187981628501E-003
         120   3.1952662721893392E-002   6.8643769200038562E-004   5.6191248900083757E-004   6.0945919599311171E-003
         130   3.4615384615384499E-002   4.6906748256692055E-004   8.4309719447639431E-004   5.1507016398029126E-003
         140   3.7278106508875607E-002   3.9300132607755778E-004   1.1264839173137364E-003   4.2632183382562694E-003
         150   3.9940828402366714E-002   4.5651548800962338E-004   1.3902848098787945E-003   3.4665447521120551E-003
         160   4.2603550295857821E-002   2.4442556791115511E-004   1.6045639985651228E-003   2.7855943144732276E-003
         170   4.5266272189348929E-002   2.2089542966763354E-004   1.7408247122545628E-003   2.2201727660602355E-003
         180   4.7928994082840036E-002   2.1862850200604633E-004   1.7840893566860583E-003   1.7350552812469555E-003
         190   5.0591715976331143E-002   2.2994341657278650E-004   1.7333832319765818E-003   1.2345654965453257E-003
         200   5.3254437869822251E-002   2.3998922396184508E-004   1.5933596315664822E-003   6.2801946442569978E-004
         210   5.5917159763313358E-002   2.3265183360265951E-004   1.3782975244482909E-003   4.2652084849770233E-005
         220   5.8579881656804465E-002   2.0658833304187940E-004   1.1263921370594510E-003   2.7847580550222073E-004
         230   6.1242603550295573E-002   1.5602427527083851E-004   8.8403405199688478E-004   3.2929820055460635E-004
         240   6.3905325443786715E-002   5.5964104275330051E-005   6.8085105001647328E-004   2.7360111869134673E-004
         250   6.6568047337277891E-002   1.3798325612568441E-004   5.2132169761298641E-004   2.2291755900505361E-004
         260   6.9230769230769068E-002   4.3481383604260238E-004   3.8823589666070468E-004   2.0145799642934392E-004
         270   7.1893491124260245E-002   7.2353518739731726E-004   2.5948775198347818E-004   2.1348462971571003E-004
         280   7.4556213017751422E-002   7.9449318453761464E-004   1.3055873018141817E-004   2.6363579763510891E-004
         290   7.7218934911242598E-002   5.1454197979428073E-004   1.8466919540660598E-005   3.3037732721652446E-004
         300   7.9881656804733775E-002   9.0330445956521288E-006   6.1458906081557352E-005   3.8840848373167258E-004
         310   8.2544378698224952E-002   4.0532286694150432E-004   1.1128350857669833E-004   4.2293113737656984E-004
         320   8.5207100591716128E-002   5.2126738907742887E-004   1.4484019221805422E-004   4.0903289485194616E-004
         330   8.7869822485207305E-002   3.8839190754258457E-004   1.7682689623121917E-004   3.0565490377654214E-004
         340   9.0532544378698482E-002   1.8918429496428413E-004   2.1681583544208571E-004   7.3285469183281826E-005
         350   9.3195266272189659E-002   4.5921973580886899E-005   2.7167599913979767E-004   2.9806697172052310E-004
         360   9.5857988165680835E-002   4.0104907324867156E-005   3.4929832413510553E-004   7.7701453697587297E-004
         370   9.8520710059172012E-002   1.0049105084508625E-004   4.5187028681037411E-004   1.3060603406143123E-003
         380  0.10118343195266319        1.2026639879492151E-004   5.6216421082622148E-004   1.8189478968453354E-003
         390  0.10384615384615437        4.6703084525034910E-005   6.4223664895213251E-004   2.2476880603152782E-003
         400  0.10650887573964554        1.3423018847646961E-004   6.5784231730103837E-004   2.5318377262690817E-003
         410  0.10917159763313672        3.3264798581000843E-004   6.0819198818229392E-004   2.6277045225946427E-003
         420  0.11183431952662790        4.0477178765152555E-004   5.2249038616491994E-004   2.5153630117205061E-003
         430  0.11449704142011907        2.8850363372889820E-004   4.2747850220747896E-004   2.2087885066859325E-003
         440  0.11715976331361025        5.0212434288043895E-005   3.3060721669408988E-004   1.7533184623099718E-003
         450  0.11982248520710143        1.9361447821619748E-004   2.3005566014056011E-004   1.2103785086023944E-003
         460  0.12248520710059260        3.4810338371893401E-004   1.2553946574800356E-004   6.4323568014179600E-004
         470  0.12514792899408378        3.6716627617838782E-004   1.9532958859147520E-005   1.0536062146715430E-004
         480  0.12781065088757482        2.7535435100123351E-004   8.4375139373982222E-005   3.6608557763173621E-004
         490  0.13047337278106586        1.6563486858101051E-004   1.8320030498752971E-004   7.4809098193284740E-004
         500  0.13313609467455689        1.3584869656924070E-004   2.7599268484412853E-004   1.0260586138541861E-003
         510  0.13579881656804793        2.0175610487838114E-004   3.6369711369710345E-004   1.1912593401129934E-003
         520  0.13846153846153897        2.8463393259170466E-004   4.4721307970263524E-004   1.2414971000418440E-003
         530  0.14112426035503001        2.9386594598834748E-004   5.2475611508429054E-004   1.1815146732760962E-003
         540  0.14378698224852104        2.0510976769982925E-004   5.9035338011192984E-004   1.0217661933354938E-003
         550  0.14644970414201208        5.9337034149287149E-005   6.3513204248843991E-004   7.7760657273096001E-004
         560  0.14911242603550312        8.6182495050990404E-005   6.5124702588947869E-004   4.7071941590171029E-004
         570  0.15177514792899416        1.9410590839175068E-004   6.3548239943811424E-004   1.3029416234910940E-004
         580  0.15443786982248520        2.5192085700986855E-004   5.8975999364396792E-004   2.1029990374543672E-004
         590  0.15710059171597623        2.6052593746417330E-004   5.1942766207346835E-004   5.2074482258102073E-004
         600  0.15976331360946727        2.2322513755246298E-004   4.3159784525292899E-004   7.7974125663859972E-004
         610  0.16242603550295831        1.4367828835148977E-004   3.3402398855431059E-004   9.7684854690105460E-004
         620  0.16508875739644935        3.2414402983405033E-005   2.3404982016539400E-004   1.1113996570202289E-003
         630  0.16775147928994039        8.7324618512907293E-005   1.3783311541937238E-004   1.1895605412204358E-003
         640  0.17041420118343142        1.8441812111946732E-004   5.0110699465699682E-005   1.2202812661514795E-003
         650  0.17307692307692246        2.3483512470567902E-004   2.5723483263795366E-005   1.2125262348141597E-003
         660  0.17573964497041350        2.3493425274767610E-004   8.7497655891555226E-005   1.1742922008348700E-003
         670  0.17840236686390454        2.0133426245072528E-004   1.3427571162250018E-004   1.1118860526728724E-003
         680  0.18106508875739558        1.5713466981082114E-004   1.6637196797408826E-004   1.0298896619895803E-003
         690  0.18372781065088661        1.1634281609929076E-004   1.8527702737902718E-004   9.3243158872291509E-004
         700  0.18639053254437765        7.8167129645256850E-005   1.9363537902550298E-004   8.2419284716639396E-004
         710  0.18905325443786869        3.1915012532302001E-005   1.9494511026496575E-004   7.0987017996193558E-004
         720  0.19171597633135973        3.3252181468212960E-005   1.9254467848051071E-004   5.9297718408246602E-004
         730  0.19437869822485077        1.1799057643735456E-004   1.8823100107423496E-004   4.7525196167819139E-004
         740  0.19704142011834180        2.0651841168695118E-004   1.8135454820022989E-004   3.5673158888527290E-004
         750  0.19970414201183284        2.7097894374195075E-004   1.6905286413493315E-004   2.3616169436579959E-004
         760  0.20236686390532388        2.8703274668662182E-004   1.4785989599186422E-004   1.1183891429200621E-004
         770  0.20502958579881492        2.4901008363997779E-004   1.1619846398558398E-004   1.7305653967847334E-005
         780  0.20769230769230596        1.7035009006161062E-004   7.6256427196774723E-005   1.5111207943951932E-004
         790  0.21035502958579699        7.0653232191020265E-005   3.3670577278654967E-005   2.8812123920074484E-004
         800  0.21301775147928803        3.4623748886186689E-005   4.8902322102861717E-006   4.2516480298215864E-004
         810  0.21568047337277907        1.3298374003478663E-004   3.4347281196778212E-005   5.5636845569717597E-004
         820  0.21834319526627011        2.0997292358582165E-004   5.2310465382232607E-005   6.7242162517555659E-004
         830  0.22100591715976114        2.5095207462899616E-004   5.8577803887960300E-005   7.6106427647615327E-004
         840  0.22366863905325218        2.4936679632059366E-004   5.4105701604356682E-005   8.0915692383443094E-004
         850  0.22633136094674322        2.1289130464618999E-004   4.0409004654629044E-005   8.0589162975763795E-004
         860  0.22899408284023426        1.6045130545827568E-004   1.9599820936022638E-005   7.4584122262000285E-004
         870  0.23165680473372530        1.1130571855955118E-004   5.3398134977067357E-006   6.3044320701677314E-004
         880  0.23431952662721633        7.4266067552786197E-005   3.0529373400867144E-005   4.6761673927142589E-004
         890  0.23698224852070737        4.5063743358664254E-005   5.1575818158178244E-005   2.7033360570394294E-004
         900  0.23964497041419841        1.3051818161580186E-005   6.4320171101805990E-005   5.4862996817894860E-005
         910  0.24230769230768945        2.8790432579195446E-005   6.5794419639275681E-005   1.6126084941148200E-004
         920  0.24497041420118049        7.7861759363750949E-005   5.5021259020016089E-005   3.6149487366232691E-004
         930  0.24763313609467152        1.2299160479811722E-004   3.3161717171825700E-005   5.3225522793542979E-004
         940  0.25029585798816256        1.5066904035254680E-004   2.8582066510240978E-006   6.6407927459333216E-004
         950  0.25295857988165360        1.5213650976508841E-004   3.2788359889401875E-005   7.5192500423271191E-004
         960  0.25562130177514464        1.2722853719493443E-004   7.0938760018179892E-005   7.9488514796111076E-004
         970  0.25828402366863568        8.3165122411577030E-005   1.0910635304184346E-004   7.9560916695031736E-004
         980  0.26094674556212671        2.9982413060736235E-005   1.4483359916517280E-004   7.5960186587842315E-004
         990  0.26360946745561775        2.3649402186132207E-005   1.7543077604442736E-004   6.9442712020428843E-004
        1000  0.26627218934910879        7.1783482042508950E-005   1.9810658460195363E-004   6.0875513599167874E-004
        1010  0.26893491124259983        1.1039707686499867E-004   2.1047644981075919E-004   5.1130448795921879E-004
        1020  0.27159763313609087        1.3663653322781855E-004   2.1118546798026827E-004   4.0993449371096169E-004
        1030  0.27426035502958190        1.4921010307622495E-004   2.0035284841646295E-004   3.1112413655898230E-004
        1040  0.27692307692307294        1.4910232076492669E-004   1.7965069725267568E-004   2.1982617513072178E-004
        1050  0.27958579881656398        1.3918324236139590E-004   1.5196238311787624E-004   1.3950920024830005E-004
        1060  0.28224852071005502        1.2243445648985052E-004   1.2070896272997622E-004   7.2237451450574142E-005
        1070  0.28491124260354606        1.0003869483643513E-004   8.9065495877838075E-005   1.8775508300761246E-005
        1080  0.28757396449703709        7.0939237877487571E-005   5.9338829368149604E-005   2.1207857548222186E-005
        1090  0.29023668639052813        3.3427336812996700E-005   3.2709365329397500E-005   4.8797978713488455E-005
        1100  0.29289940828401917        1.2171102088065489E-005   9.3777114398285732E-006   6.5436245426209183E-005
        1110  0.29556213017751021        6.1496709650166181E-005   1.1027813739183934E-005   7.2619724152067633E-005
        1120  0.29822485207100125        1.0636551702236652E-004   2.9030384539940890E-005   7.1795365120919108E-005
        1130  0.30088757396449228        1.3743351343376009E-004   4.5071521023731798E-005   6.4427879533979215E-005
        1140  0.30355029585798332        1.4797824535595083E-004   5.9503122641690886E-005   5.2148402800100691E-005
        1150  0.30621301775147436        1.3661493227123955E-004   7.2676346918210122E-005   3.6877107787991470E-005
        1160  0.30887573964496540        1.0740881425586046E-004   8.4952307206842548E-005   2.0821154933070574E-005
        1170  0.31153846153845643        6.7598023434367605E-005   9.6565868238362995E-005   6.2876067988826279E-006
        1180  0.31420118343194747        2.4599192478103049E-005   1.0743226020082375E-004   4.6601311527449951E-006
        1190  0.31686390532543851        1.5970512407426085E-005   1.1704918477906112E-004   1.0572560775523598E-005
        1200  0.31952662721892955        5.0620900412301495E-005   1.2456942146654715E-004   1.0842440484548632E-005
        1210  0.32218934911242059        7.7220293119184547E-005   1.2899179383596415E-004   5.6837416126942486E-006
        1220  0.32485207100591162        9.4158011378020490E-005   1.2936141513508748E-004   4.1111728589227070E-006
        1230  0.32751479289940266        1.0011988057612164E-004   1.2491211445730954E-004   1.7488446451219275E-005
        1240  0.33017751479289370        9.4445252389885326E-005   1.1515940894646359E-004   3.3355403036061659E-005
        1250  0.33284023668638474        7.7577200268574842E-005   9.9977522533323260E-005   5.0641970965936700E-005
        1260  0.33550295857987578        5.1225799183596266E-005   7.9661941691622218E-005   6.8261532385371915E-005
        1270  0.33816568047336681        1.8265110412585273E-005   5.4945969102049297E-005   8.5081397006803172E-005
        1280  0.34082840236685785        1.7422093695707019E-005   2.6945545422707440E-005   9.9962654948160257E-005
        1290  0.34349112426034889        5.1119386997200422E-005   2.9611124654493892E-006   1.1184556553112124E-004
        1300  0.34615384615383993        7.7710393375229891E-005   3.3282478008489491E-005   1.1981409946359989E-004
        1310  0.34881656804733097        9.2594451188476867E-005   6.2544168648814846E-005   1.2309591376424844E-004
        1320  0.35147928994082200        9.2929375617001320E-005   8.9368886765139877E-005   1.2101561586685960E-004
        1330  0.35414201183431304        7.8626082253951957E-005   1.1250641289550778E-004   1.1296757973511262E-004
        1340  0.35680473372780408        5.2493811697584825E-005   1.3084317435896331E-004   9.8469132511214141E-005
        1350  0.35946745562129512        1.9394688130502935E-005   1.4342878689088678E-004   7.7298147399318395E-005
        1360  0.36213017751478616        1.5165969339481222E-005   1.4954158431823572E-004   4.9654392441089712E-005
        1370  0.36479289940827719        4.6372601969268956E-005   1.4878856051825373E-004   1.6260944440849023E-005
        1380  0.36745562130176823        7.0922775773363256E-005   1.4121036374104001E-004   2.1650004649043098E-005
        1390  0.37011834319525927        8.7245291809701087E-005   1.2734974135630850E-004   6.2466183078369042E-005
        1400  0.37278106508875031        9.5231402371664942E-005   1.0824710868795329E-004   1.0438803125101259E-004
        1410  0.37544378698224135        9.5675871205180840E-005   8.5347662779122757E-005   1.4561380533750778E-004
        1420  0.37810650887573238        8.9655896913232169E-005   6.0332543137198158E-005   1.8446255997406347E-004
        1430  0.38076923076922342        7.8083167780684803E-005   3.4911490851108340E-005   2.1942345522529827E-004
        1440  0.38343195266271446        6.1602717840836263E-005   1.0626499677757195E-005   2.4916187365109366E-004
        1450  0.38609467455620550        4.0857487001222381E-005   1.1289664095137653E-005   2.7252756774931441E-004
        1460  0.38875739644969654        1.6946197860523426E-005   2.9976369104622869E-005   2.8859101535072540E-004
        1470  0.39142011834318757        8.2200171285240486E-006   4.4932468091896105E-005   2.9670032839201887E-004
        1480  0.39408284023667861        3.1933021815588880E-005   5.5955157583720272E-005   2.9652952160619250E-004
        1490  0.39674556213016965        5.1171466426969126E-005   6.3068896164142352E-005   2.8809164968213175E-004
        1500  0.39940828402366069        6.3399077956827199E-005   6.6475081103356537E-005   2.7170864339698397E-004
        1510  0.40207100591715172        6.7325501121096032E-005   6.6529613302002133E-005   2.4794821494555919E-004
        1520  0.40473372781064276        6.3257183528064864E-005   6.3730626154501202E-005   2.1754864471335011E-004
        1530  0.40739644970413380        5.2863669637859267E-005   5.8688600269030111E-005   1.8135388201878655E-004
        1540  0.41005917159762484        3.8498656222740735E-005   5.2062520573104010E-005   1.4027499751056993E-004
        1550  0.41272189349111588        2.2444156443701679E-005   4.4470751006553400E-005   9.5281299424820887E-005
        1560  0.41538461538460691        6.4382531202999971E-006   3.6406317236448160E-005   4.7411006729225491E-005
        1570  0.41804733727809795        8.3745232133392022E-006   2.8188585799782118E-005   2.2150930293340920E-006
        1580  0.42071005917158899        2.1195083407254955E-005   1.9966507474822315E-005   5.2390109961386599E-005
        1590  0.42337278106508003        3.1281193780374750E-005   1.1765936339891425E-005   1.0183121782092464E-004
        1600  0.42603550295857107        3.7825331976160115E-005   3.5598877848874722E-006   1.4919835039850504E-004
        1610  0.42869822485206210        4.0052563689219056E-005   4.6598692626798055E-006   1.9311336268801327E-004
        1620  0.43136094674555314        3.7458205390583643E-005   1.2825341029421011E-005   2.3217543281539577E-004
        1630  0.43402366863904418        3.0057579788467237E-005   2.0758893456651606E-005   2.6497621683119199E-004
        1640  0.43668639053253522        1.8543263629933193E-005   2.8169719622272993E-005   2.9012490106483657E-004
        1650  0.43934911242602626        4.2899761041326201E-006   3.4680164664679936E-005   3.0629470794418800E-004
        1660  0.44201183431951729        1.0812104271895606E-005   3.9874017290664199E-005   3.1229830819312632E-004
        1670  0.44467455621300833        2.4672763352717730E-005   4.3353404055368472E-005   3.0719321486671891E-004
        1680  0.44733727810649937        3.5393741609879292E-005   4.4792011564265266E-005   2.9041224203429916E-004
        1690  0.44999999999999041        4.1625378554344117E-005   4.3978810829292669E-005   2.6190734220565837E-004
        1700  0.45266272189348145        4.2776343768258229E-005   4.0852233965660290E-005   2.2228489594988687E-004
        1710  0.45532544378697248        3.9019076668589392E-005   3.5524858935875869E-005   1.7289842503687147E-004
        1720  0.45798816568046352        3.1118969447851974E-005   2.8294113975757540E-005   1.1585896645238680E-004
        1730  0.46065088757395456        2.0183577882026960E-005   1.9631018564947311E-005   5.3933384567272924E-005
        1740  0.46331360946744560        7.4396801688081382E-006   1.0141355139658970E-005   9.6717463946571769E-006
        1750  0.46597633136093664        5.8999368381940087E-006   5.0175149879372327E-007   7.1608593373628793E-005
        1760  0.46863905325442767        1.8684784387934528E-005   8.6175711826452783E-006   1.2871133653424849E-004
        1770  0.47130177514791871        2.9839232278838779E-005   1.6626524889429284E-005   1.7828194192137659E-004
        1780  0.47396449704140975        3.8391544549876144E-005   2.3070213446607646E-005   2.1829227635317139E-004
        1790  0.47662721893490079        4.3544669970696503E-005   2.7657364667588169E-005   2.4748387025264051E-004
        1800  0.47928994082839183        4.4781538770521934E-005   3.0262798963787141E-005   2.6537279708671591E-004
        1810  0.48195266272188286        4.1976067572058184E-005   3.0910697706998391E-005   2.7218305064580228E-004
        1820  0.48461538461537390        3.5473001291030926E-005   2.9747274832070403E-005   2.6873529911575211E-004
        1830  0.48727810650886494        2.6100844003673629E-005   2.7009876501060681E-005   2.5631261940350925E-004
        1840  0.48994082840235598        1.5091540750633570E-005   2.2996742160330541E-005   2.3651684821435204E-004
        1850  0.49260355029584701        3.9015811401643674E-006   1.8039561988092423E-005   2.1112345551510536E-004
        1860  0.49526627218933805        6.0381695644595723E-006   1.2479983627855518E-005   1.8194114793845806E-004
        1870  0.49792899408282909        1.3582687957813810E-005   6.6506013918221640E-006   1.5068357143910305E-004
        1880  0.50059171597632024        1.8065495398955633E-005   8.6000528287666356E-007   1.1886200681021641E-004
        1890  0.50325443786981183        1.9363329945121244E-005   4.6195726444153706E-006   8.7707752167043296E-005
        1900  0.50591715976330343        1.7821215131497148E-005   9.5636626855633011E-006   5.8130207997386663E-005
        1910  0.50857988165679502        1.4083985302226765E-005   1.3806405504190877E-005   3.0712126932064265E-005
        1920  0.51124260355028661        8.9137371077629979E-006   1.7249060953128392E-005   5.7384720846265225E-006
        1930  0.51390532544377820        3.0619797888320477E-006   1.9862784029545111E-005   1.6748715522263424E-005
        1940  0.51656804733726980        2.7807550482261689E-006   2.1682607161510603E-005   3.6879265221001489E-005
        1950  0.51923076923076139        7.9846752527590326E-006   2.2792029867213515E-005   5.4877822163401646E-005
        1960  0.52189349112425298        1.1978958210923096E-005   2.3300931883296627E-005   7.0989962108858329E-005
        1970  0.52455621301774458        1.4283419421223797E-005   2.3321857425262493E-005   8.5418856330399251E-005
        1980  0.52721893491123617        1.4574126284916389E-005   2.2949976357766744E-005   9.8277823044723434E-005
        1990  0.52988165680472776        1.2754382690216559E-005   2.2250431358505907E-005   1.0956195518740941E-004
        2000  0.53254437869821936        8.9951305737301368E-006   2.1254368811396418E-005   1.1913988842326972E-004
        2010  0.53520710059171095        3.7226040208171440E-006   1.9962787035421314E-005   1.2676477790996010E-004
        2020  0.53786982248520254        2.4465718820865234E-006   1.8355939661818255E-005   1.3210192210044713E-004
        2030  0.54053254437869414        8.8043851411701013E-006   1.6405505929073527E-005   1.3476951353064148E-004
        2040  0.54319526627218573        1.4658225374941658E-005   1.4086998982421051E-005   1.3438874057492001E-004
        2050  0.54585798816567732        1.9421123277463259E-005   1.1390700923374908E-005   1.3063943122937349E-004
        2060  0.54852071005916891        2.2669344634018707E-005   8.3303087627939476E-006   1.2331686140598652E-004
        2070  0.55118343195266051        2.4162310397812803E-005   4.9489052591500382E-006   1.1238388276713085E-004
        2080  0.55384615384615210        2.3831002930907452E-005   1.3216838985474766E-006   9.8010772780598998E-005
        2090  0.55650887573964369        2.1749264461745632E-005   2.4454903714277165E-006   8.0594600810335315E-005
        2100  0.55917159763313529        1.8104476595781627E-005   6.2224105912278560E-006   6.0751736557840275E-005
        2110  0.56183431952662688        1.3178555809512105E-005   9.8654470578329878E-006   3.9281538306679131E-005
        2120  0.56449704142011847        7.3394396145065599E-006   1.3231315220241235E-005   1.7104959991964819E-005
        2130  0.56715976331361007        1.0332385137479250E-006   1.6190917476843758E-005   4.8132072494322387E-006
        2140  0.56982248520710166        5.2359972162463464E-006   1.8640460396346370E-005   2.5547099683054242E-005
        2150  0.57248520710059325        1.0946671592959589E-005   2.0508054062062797E-005   4.4286329378140366E-005
        2160  0.57514792899408484        1.5617642386445141E-005   2.1755480968832508E-005   6.0397319292748719E-005
        2170  0.57781065088757644        1.8871801868991511E-005   2.2376061510231970E-005   7.3463587929367691E-005
        2180  0.58047337278106803        2.0489352051678011E-005   2.2390090746782221E-005   8.3302195845513793E-005
        2190  0.58313609467455962        2.0437513992943579E-005   2.1839142323898386E-005   8.9956147809600040E-005
        2200  0.58579881656805122        1.8870180477303933E-005   2.0780003608611430E-005   9.3664720011821245E-005
        2210  0.58846153846154281        1.6098579511458766E-005   1.9278529229560526E-005   9.4815682764259890E-005
        2220  0.59112426035503440        1.2539983197834559E-005   1.7403544213978606E-005   9.3885290293416190E-005
        2230  0.59378698224852600        8.6551381590638243E-006   1.5221077948157635E-005   9.1373442440145780E-005
        2240  0.59644970414201759        4.8864226163125579E-006   1.2789435117954717E-005   8.7742135539414789E-005
        2250  0.59911242603550918        1.6075442823559882E-006   1.0155707638626055E-005   8.3364830564258696E-005
        2260  0.60177514792900078        9.0840549593629305E-007   7.3542204904741837E-006   7.8492623193815447E-005
        2270  0.60443786982249237        2.5017581863906457E-006   4.4071599715200804E-006   7.3240437682864368E-005
        2280  0.60710059171598396        3.1248734883027041E-006   1.3273740639974108E-006   6.7593474446514534E-005
        2290  0.60976331360947555        2.8338631056223917E-006   1.8768765381871333E-006   6.1431429934089010E-005
        2300  0.61242603550296715        1.7783963982553885E-006   5.1956338704695071E-006   5.4566005145417762E-005
        2310  0.61508875739645874        1.8920923328114014E-007   8.6100806948596897E-006   4.6786089653805263E-005
        2320  0.61775147928995033        1.6413637164980344E-006   1.2085447520737702E-005   3.7904689767831456E-005
        2330  0.62041420118344193        3.3902792597739762E-006   1.5565176012533044E-005   2.7802002184440511E-005
        2340  0.62307692307693352        4.7455997358447632E-006   1.8967566101091293E-005   1.6459855605388540E-005
        2350  0.62573964497042511        5.4521608687796430E-006   2.2185881519476425E-005   3.9839310079781143E-006
        2360  0.62840236686391671        5.3500791596938768E-006   2.5092353390432365E-005   9.3883252060278366E-006
        2370  0.63106508875740830        4.3962817810605515E-006   2.7545862146594047E-005   2.3294528979755924E-005
        2380  0.63372781065089989        2.6646955280096307E-006   2.9402487518925824E-005   3.7267721738731829E-005
        2390  0.63639053254439149        3.2740046074231088E-007   3.0527702126859069E-005   5.0767653340999530E-005
        2400  0.63905325443788308        2.3763324292769283E-006   3.0808799682757737E-005   6.3219430000538424E-005
        2410  0.64171597633137467        5.1750493095248373E-006   3.0166153935917706E-005   7.4055564680097774E-005
        2420  0.64437869822486626        7.7978276966650384E-006   2.8562047141411639E-005   8.2757547176570689E-005
        2430  0.64704142011835786        1.0001200754783390E-005   2.6006062499250859E-005   8.8893462201200535E-005
        2440  0.64970414201184945        1.1589262342792672E-005   2.2556397286210839E-005   9.2148768350619470E-005
        2450  0.65236686390534104        1.2427350059129871E-005   1.8316919561778278E-005   9.2348023884913921E-005
        2460  0.65502958579883264        1.2450166873789748E-005   1.3430331380348548E-005   8.9466108895819296E-005
        2470  0.65769230769232423        1.1664968710745072E-005   8.0683388392621680E-006   8.3628373190314242E-005
        2480  0.66035502958581582        1.0149815950377672E-005   2.4201408641566502E-006   7.5100107201575561E-005
        2490  0.66301775147930742        8.0462678576642688E-006   3.3192859809627606E-006   6.4266677901159142E-005
        2500  0.66568047337279901        5.5457882434106764E-006   8.9597713602840301E-006   5.1606441310969586E-005
        2510  0.66834319526629060        2.8699229512874069E-006   1.4324470583138016E-005   3.7659025603931084E-005
        2520  0.67100591715978219        2.4587413338661435E-007   1.9255908544235645E-005   2.2991752348544559E-005
        2530  0.67366863905327379        2.1191642334272842E-006   2.3619611711378496E-005   8.1668859407413308E-006
        2540  0.67633136094676538        4.0606075983884438E-006   2.7305702518631847E-005   6.2878499638152618E-006
        2550  0.67899408284025697        5.4721248696765201E-006   3.0228954407518493E-005   1.9903437197710261E-005
        2560  0.68165680473374857        6.3120788447168508E-006   3.2327803369813779E-005   3.2286912434731363E-005
        2570  0.68431952662724016        6.6007487780073149E-006   3.3562755270000189E-005   4.3131098031556903E-005
        2580  0.68698224852073175        6.4102072445670899E-006   3.3914568572379622E-005   5.2216774367730423E-005
        2590  0.68964497041422335        5.8497483277353268E-006   3.3382547517724070E-005   5.9408230212998347E-005
        2600  0.69230769230771494        5.0497999188880982E-006   3.1983205915020463E-005   6.4643854936319300E-005
        2610  0.69497041420120653        4.1465907074655917E-006   2.9749451070926192E-005   6.7923857689500267E-005
        2620  0.69763313609469813        3.2689046540745892E-006   2.6730290504706211E-005   6.9297227182074650E-005
        2630  0.70029585798818972        2.5273714676643522E-006   2.2990920306664719E-005   6.8849717911101393E-005
        2640  0.70295857988168131        2.0061416248218222E-006   1.8612954550856209E-005   6.6694092941022021E-005
        2650  0.70562130177517290        1.7566243646349733E-006   1.3694523652518775E-005   6.2963233703472454E-005
        2660  0.70828402366866450        1.7932596227954178E-006   8.3499965713995650E-006   5.7806175068897403E-005
        2670  0.71094674556215609        2.0918800234248636E-006   2.7091354141139945E-006   5.1386701938493928E-005
        2680  0.71360946745564768        2.5916852806062707E-006   3.0844620879655338E-006   4.3883850018522352E-005
        2690  0.71627218934913928        3.2017508559967212E-006   8.8757501590652765E-006   3.5493457340773915E-005
        2700  0.71893491124263087        3.8121519476685961E-006   1.4501552776602367E-005   2.6429793052118455E-005
        2710  0.72159763313612246        4.3084638201573711E-006   1.9794876343848244E-005   1.6926255637539356E-005
        2720  0.72426035502961406        4.5872122393930681E-006   2.4590208156372029E-005   7.2342168146999342E-006
        2730  0.72692307692310565        4.5694097090542840E-006   2.8729679994787816E-005   2.3806852709196136E-006
        2740  0.72958579881659724        4.2098638102228136E-006   3.2069844454474250E-005   1.1645124552872588E-005
        2750  0.73224852071008883        3.5012100436659921E-006   3.4488686096345589E-005   2.0287389636663988E-005
        2760  0.73491124260358043        2.4729630567765781E-006   3.5892397321157787E-005   2.8048803251246035E-005
        2770  0.73757396449707202        1.1867670264287256E-006   3.6221386676915657E-005   3.4696253476296235E-005
        2780  0.74023668639056361        2.7076855402263789E-007   3.5454963948744478E-005   4.0034607303396363E-005
        2790  0.74289940828405521        1.7965717404866410E-006   3.3614169737461452E-005   4.3917737499565845E-005
        2800  0.74556213017754680        3.2803261937885964E-006   3.0762300685660549E-005   4.6257031829921580E-005
        2810  0.74822485207103839        4.6140539418093596E-006   2.7002845313983670E-005   4.7026528202209761E-005
        2820  0.75088757396452999        5.7016809454912831E-006   2.2474789581394816E-005   4.6264175730392765E-005
        2830  0.75355029585802158        6.4679487465912899E-006   1.7345549405023419E-005   4.4069106740263209E-005
        2840  0.75621301775151317        6.8657517450221306E-006   1.1802083011325237E-005   4.0595173335211676E-005
        2850  0.75887573964500477        6.8808459560143476E-006   6.0409637090419466E-006   3.6041319120050375E-005
        2860  0.76153846153849636        6.5330140118780022E-006   2.5830140937266322E-007   3.0639595909764950E-005
        2870  0.76420118343198795        5.8732125758353959E-006   5.3596286894164180E-006   2.4641782510048671E-005
        2880  0.76686390532547954        4.9768927866677970E-006   1.0644338831800049E-005   1.8305614617242227E-005
        2890  0.76952662721897114        3.9343945857917006E-006   1.5451171089253535E-005   1.1881600465057929E-005
        2900  0.77218934911246273        2.8398800910878208E-006   1.9663178648765545E-005   5.6012908288272101E-006
        2910  0.77485207100595432        1.7805174394869283E-006   2.3192822187212414E-005   3.3228950191421802E-007
        2920  0.77751479289944592        8.2748051422054658E-007   2.5981653113071879E-005   5.7515468097069089E-006
        2930  0.78017751479293751        2.9867188833243574E-008   2.7998315386690287E-005   1.0528297479828197E-005
        2940  0.78284023668642910        5.8797677282562688E-007   2.9235317743681044E-005   1.4574815294654542E-005
        2950  0.78550295857992070        1.0258342835189893E-006   2.9705101150301338E-005   1.7842205046747495E-005
        2960  0.78816568047341229        1.3042415816233444E-006   2.9435940134270311E-005   2.0316588150937065E-005
        2970  0.79082840236690388        1.4591558952226080E-006   2.8468159325223397E-005   2.2013745329507728E-005
        2980  0.79349112426039548        1.5355294105123818E-006   2.6851032710717426E-005   2.2972940806997855E-005
        2990  0.79615384615388707        1.5806005715379712E-006   2.4640576333889719E-005   2.3250622882109440E-005
        3000  0.79881656804737866        1.6375916973565552E-006   2.1898277336451777E-005   2.2914582581856635E-005
        3010  0.80147928994087025        1.7403656644709997E-006   1.8690653869279927E-005   2.2038984387906524E-005
        3020  0.80414201183436185        1.9094709431399792E-006   1.5089429482806338E-005   2.0700498524872657E-005
        3030  0.80680473372785344        2.1499008104886030E-006   1.1172040825901952E-005   1.8975595122094902E-005
        3040  0.80946745562134503        2.4507858704669871E-006   7.0221755742450043E-006   1.6938924286336032E-005
        3050  0.81213017751483663        2.7870818926079011E-006   2.7300511837857755E-006   1.4662605123838546E-005
        3060  0.81479289940832822        3.1230856900599235E-006   1.6078134785768583E-006   1.2216176464185935E-005
        3070  0.81745562130181981        3.4173270213599949E-006   5.8895184842366888E-006   9.6669183549114024E-006
        3080  0.82011834319531141        3.6281261046600122E-006   1.0009500359231538E-005   7.0802375211620472E-006
        3090  0.82278106508880300        3.7189736590281797E-006   1.3861062526210333E-005   4.5198287599301779E-006
        3100  0.82544378698229459        3.6629612596428274E-006   1.7339642649716325E-005   2.0473836939149948E-006
        3110  0.82810650887578618        3.4457351341110609E-006   2.0346656017133924E-005   2.7828300752652524E-007
        3120  0.83076923076927778        3.0667869423961491E-006   2.2793682250554781E-005   2.4026974493329689E-006
        3130  0.83343195266276937        2.5391979234790085E-006   2.4606707567764730E-005   4.2776533498711800E-006
        3140  0.83609467455626096        1.8881412442439682E-006   2.5730097655163320E-005   5.8633666952800922E-006
        3150  0.83875739644975256        1.1484855506616043E-006   2.6129964137755479E-005   7.1305582366454345E-006
        3160  0.84142011834324415        3.6178867124370129E-007   2.5796598168925655E-005   8.0621449287665570E-006
        3170  0.84408284023673574        4.2710426861880535E-007   2.4745692746463988E-005   8.6542663565447597E-006
        3180  0.84674556213022734        1.1736745152424177E-006   2.3018162730537028E-005   8.9164602207203458E-006
        3190  0.84940828402371893        1.8373414123473708E-006   2.0678495232351324E-005   8.8709172280099224E-006
        3200  0.85207100591721052        2.3847913492858197E-006   1.7811709974724366E-005   8.5508675483625396E-006
        3210  0.85473372781070212        2.7926874432981919E-006   1.4519155389525196E-005   7.9982574110459836E-006
        3220  0.85739644970419371        3.0494244031009643E-006   1.0913485866126393E-005   7.2609486405639245E-006
        3230  0.86005917159768530        3.1556726078907360E-006   7.1132376009419573E-006   6.3897085584851965E-006
        3240  0.86272189349117689        3.1236049766736329E-006   3.2374358076570076E-006   5.4352529739176703E-006
        3250  0.86538461538466849        2.9748936288820360E-006   5.9937158236600396E-007   4.4455697479905965E-006
        3260  0.86804733727816008        2.7377506904846527E-006   4.2913362048313530E-006   3.4636963244238927E-006
        3270  0.87071005917165167        2.4434260307293343E-006   7.7445708510648359E-006   2.5260644161972934E-006
        3280  0.87337278106514327        2.1226312131306102E-006   1.0879342395742064E-005   1.6614675680814983E-006
        3290  0.87603550295863486        1.8023328487437595E-006   1.3631193396368424E-005   8.9065680930477953E-007
        3300  0.87869822485212645        1.5032714981710882E-006   1.5951083357723661E-005   2.2652687881041800E-007
        3310  0.88136094674561805        1.2384349352689838E-006   1.7804716887948047E-005   3.2518192516484135E-007
        3320  0.88402366863910964        1.0125786640280410E-006   1.9171279378449313E-005   7.6477393684548645E-007
        3330  0.88668639053260123        8.2276091917243832E-007   2.0041827155425906E-005   1.0972155279898033E-006
        3340  0.88934911242609282        6.5975409668794782E-007   2.0417576847897578E-005   1.3306317243610977E-006
        3350  0.89201183431958442        5.1011474888618125E-007   2.0308309726768670E-005   1.4748444419065976E-006
        3360  0.89467455621307601        3.5863944669589642E-007   1.9731056564054050E-005   1.5400986765889968E-006
        3370  0.89733727810656760        1.9090930702958531E-007   1.8709162786345601E-005   1.5360981309164856E-006
        3380  0.90000000000005920        4.3731713805783556E-009   1.7271766276527600E-005   1.4714314839903153E-006
        3390  0.90266272189355079        2.3352268474496896E-007   1.5453652956742836E-005   1.3534198386455643E-006
        3400  0.90532544378704238        4.9670147328484404E-007   1.3295398701429484E-005   1.1883639978726990E-006
        3410  0.90798816568053398        7.8757948163143965E-007   1.0843663198922826E-005   9.8212108534667664E-007
        3420  0.91065088757402557        1.0938634196211439E-006   8.1514754890488206E-006   7.4089866708426655E-007
        3430  0.91331360946751716        1.3986189160153373E-006   5.2783439358217166E-006   4.7212437759291959E-007
        3440  0.91597633136100876        1.6821992232518568E-006   2.2900354731403283E-006   1.8523445133311611E-007
        3450  0.91863905325450035        1.9245069542428439E-006   7.4210110767580773E-007   1.0777198011791000E-007
        3460  0.92130177514799194        2.1072773355168550E-006   3.7423480203635506E-006   3.9214190528102932E-007
        3470  0.92396449704148353        2.2160891697264873E-006   6.6323924354794173E-006   6.5062590948183896E-007
        3480  0.92662721893497513        2.2418727498862978E-006   9.3336256210552193E-006   8.6420970779599315E-007
        3490  0.92928994082846672        2.1817759352504851E-006   1.1769870905453672E-005   1.0132788361705281E-006
        3500  0.93195266272195831        2.0393443904698216E-006   1.3870388950065760E-005   1.0791109543717425E-006
        3510  0.93461538461544991        1.8240517190015737E-006   1.5572963959042951E-005   1.0455367122075288E-006
        3520  0.93727810650894150        1.5502696053548704E-006   1.6826846340967094E-005   9.0058464385922576E-007
        3530  0.93994082840243309        1.2358064740425334E-006   1.7595319591112712E-005   6.3791879656438510E-007
        3540  0.94260355029592469        9.0017157483579524E-007   1.7857674337262708E-005   2.5790164737138355E-007
        3550  0.94526627218941628        5.6274142123946547E-007   1.7610413696855787E-005   2.3184005537579822E-007
        3560  0.94792899408290787        2.4101672568832555E-007   1.6867575803214407E-005   8.1640980797992313E-007
        3570  0.95059171597639947        5.0845954113754033E-008   1.5660135302741907E-005   1.4741955420838337E-006
        3580  0.95325443786989106        3.0306905662857986E-007   1.4034525821715604E-005   2.1779237251440264E-006
        3590  0.95591715976338265        5.1074581119969764E-007   1.2050398819685171E-005   2.8961071889543888E-006
        3600  0.95857988165687424        6.7374788326191037E-007   9.7777922025699127E-006   3.5947518113310650E-006
        3610  0.96124260355036584        7.9608435710198933E-007   7.2939188113796405E-006   4.2391775760819428E-006
        3620  0.96390532544385743        8.8481998627987224E-007   4.6797987838242960E-006   4.7958172342266181E-006
        3630  0.96656804733734902        9.4871361622228534E-007   2.0169522301216603E-006   5.2338765037518442E-006
        3640  0.96923076923084062        9.9676716192043102E-007   6.1565680942177181E-007   5.5267681915438516E-006
        3650  0.97189349112433221        1.0368737342059120E-006   3.1442726539099297E-006   5.6532634959971517E-006
        3660  0.97455621301782380        1.0747256647958281E-006   5.5024912374301849E-006   5.5983328328679249E-006
        3670  0.97721893491131540        1.1130995403174637E-006   7.6328396458880121E-006   5.3536730681980060E-006
        3680  0.97988165680480699        1.1515818633123232E-006   9.4877869438736440E-006   4.9179368712959359E-006
        3690  0.98254437869829858        1.1867443712176851E-006   1.1030225370300961E-005   4.2966926201426503E-006
        3700  0.98520710059179017        1.2127262791761240E-006   1.2233495694125018E-005   3.5021506603616359E-006
        3710  0.98786982248528177        1.2221357994501858E-006   1.3081053437113965E-005   2.5526942066811387E-006
        3720  0.99053254437877336        1.2071501200860979E-006   1.3565882333477219E-005   1.4722519516841004E-006
        3730  0.99319526627226495        1.1606740207836808E-006   1.3689758572854593E-005   2.8954595654440141E-007
        3740  0.99585798816575655        1.0774151339987270E-006   1.3462455731749756E-005   9.6275720029570522E-007
        3750  0.99852071005924814        9.5474791839134099E-007   1.2900959060480055E-005   2.2489677876658121E-006
        3760   1.0011834319527397        7.9326719548689084E-007   1.2028732016333699E-005   3.5313489101795881E-006
        3770   1.0038461538462313        5.9697048826468091E-007   1.0875050803660358E-005   4.7711315683818256E-006
        3780   1.0065088757397229        3.7305515121488497E-007   9.4743984890843791E-006   5.9295556171790054E-006
        3790   1.0091715976332145        1.3135878351722141E-007   7.8658898771122310E-006   6.9689252681914837E-006
        3800   1.0118343195267061        1.1648638520433963E-007   6.0926849846376641E-006   7.8536684656738132E-006
        3810   1.0144970414201977        3.5808377107926503E-007   4.2013428976916956E-006   8.5513891145971854E-006
        3820   1.0171597633136893        5.8136893477112039E-007   2.2410695932340019E-006   9.0338995614169804E-006
        3830   1.0198224852071809        7.7565135159218812E-007   2.6282236398333936E-007   9.2782166061233795E-006
        3840   1.0224852071006725        9.3249393429140071E-007   1.6817511736544333E-006   9.2674967321348944E-006
        3850   1.0251479289941641        1.0463471136201719E-006   3.5415416663742150E-006   8.9918787702369940E-006
        3860   1.0278106508876557        1.1148849106135117E-006   5.2673536881098215E-006   8.4491917611284606E-006
        3870   1.0304733727811473        1.1390233121133519E-006   6.8133841082396174E-006   7.6454778117351907E-006
        3880   1.0331360946746388        1.1226320753010555E-006   8.1387371679841891E-006   6.5952758223630781E-006
        3890   1.0357988165681304        1.0719786400770204E-006   9.2088926610944810E-006   5.3216140482037488E-006
        3900   1.0384615384616220        9.9496738603654933E-007   9.9970331890464337E-006   3.8556688478630363E-006
        3910   1.0411242603551136        9.0025672228044584E-007   1.0485134921189854E-005   2.2360641245278146E-006
        3920   1.0437869822486052        7.9634838989761647E-007   1.0664735042631435E-005   5.0780914906400909E-007
        3930   1.0464497041420968        6.9074670960844742E-007   1.0537307490343650E-005   1.2791003238810106E-006
        3940   1.0491124260355884        5.8927854884593955E-007   1.0114205149180933E-005   3.0713651981706391E-006
        3950   1.0517751479290800        4.9564672144342126E-007   9.4161582175900094E-006   4.8142729835998210E-006
        3960   1.0544378698225716        4.1126154770587675E-007   8.4723515070272981E-006   6.4536985462382290E-006
        3970   1.0571005917160632        3.3536108134946119E-007   7.3191342215839228E-006   7.9381093662789226E-006
        3980   1.0597633136095548        2.6539559128124779E-007   5.9984412428271128E-006   9.2204684001284676E-006
        3990   1.0624260355030464        1.9762085634589255E-007   4.5560227830421240E-006   1.0259936650935941E-005
        4000   1.0650887573965380        1.2782141878275866E-007   3.0395884356160252E-006   1.1023294383738502E-005
        4010   1.0677514792900296        5.2069621281347622E-008   1.4969716113366616E-006   1.1486022646556293E-005
        4020   1.0704142011835212        3.2571822461413547E-008   2.5588265950560185E-008   1.1633012179768087E-005
        4030   1.0730769230770127        1.2748947453289361E-007   1.4849640512792917E-006   1.1458892163140888E-005
        4040   1.0757396449705043        2.3216770872469539E-007   2.8423988910342146E-006   1.0967993988364455E-005
        4050   1.0784023668639959        3.4408708327049453E-007   4.0644670717959741E-006   1.0173983491679195E-005
        4060   1.0810650887574875        4.5888325739262825E-007   5.1237251629254743E-006   9.0992077852458664E-006
        4070   1.0837278106509791        5.7074663584177898E-007   5.9990634883044791E-006   7.7738097481461210E-006
        4080   1.0863905325444707        6.7301362083327376E-007   6.6757865305744346E-006   6.2346648757038992E-006
        4090   1.0890532544379623        7.5887735306867654E-007   7.1454644886559393E-006   4.5241921273753150E-006
        4100   1.0917159763314539        8.2213078267390216E-007   7.4056059236049521E-006   2.6890847473204360E-006
        4110   1.0943786982249455        8.5785217240896827E-007   7.4592032394127372E-006   7.7899938211167807E-007
        4120   1.0970414201184371        8.6295240309119947E-007   7.3141994400005572E-006   1.1547659505284358E-006
        4130   1.0997041420119287        8.3652160298708367E-007   6.9829172140156714E-006   3.0605814601569747E-006
        4140   1.1023668639054203        7.7993778202500863E-007   6.4814811664426486E-006   4.8877647238487754E-006
        4150   1.1050295857989119        6.9673212077514535E-007   5.8292526713410453E-006   6.5878148322040531E-006
        4160   1.1076923076924035        5.9223228043858711E-007   5.0482856677191990E-006   8.1155888431716505E-006
        4170   1.1103550295858950        4.7303166372802963E-007   4.1628020511774722E-006   9.4304078184226370E-006
        4180   1.1130177514793866        3.4634919410247988E-007   3.1986781162673950E-006   1.0497078225646383E-005
        4190   1.1156804733728782        2.1935363203606784E-007   2.1829294379882569E-006   1.1286812031996440E-005
        4200   1.1183431952663698        9.8526937830634154E-008   1.1431806535844302E-006   1.1778025438169415E-005
        4210   1.1210059171598614        1.0867761135457954E-008   1.0710894493559664E-007   1.1956992845618686E-005
        4220   1.1236686390533530        1.0516327786369573E-007   8.9814491954776088E-007   1.1818329677892869E-005
        4230   1.1263313609468446        1.8247942357163538E-007   1.8465970168524137E-006   1.1365276156749538E-005
        4240   1.1289940828403362        2.4271754450744254E-007   2.7140628537924982E-006   1.0609754733215127E-005
        4250   1.1316568047338278        2.8736902057957536E-007   3.4788042264644048E-006   9.5721775776880236E-006
        4260   1.1343195266273194        3.1916718201685512E-007   4.1221548079395376E-006   8.2809874847322718E-006
        4270   1.1369822485208110        3.4162678264060276E-007   4.6290932109727123E-006   6.7719261843679490E-006
        4280   1.1396449704143026        3.5852531587998726E-007   4.9887294719663799E-006   5.0870375517542143E-006
        4290   1.1423076923077942        3.7338488256821734E-007   5.1946715351469663E-006   3.2734286642410737E-006
        4300   1.1449704142012858        3.8901182497497189E-007   5.2452425922666635E-006   1.3818276961563569E-006
        4310   1.1476331360947774        4.0714329463398258E-007   5.1435277270694968E-006   5.3500751939772329E-007
        4320   1.1502958579882689        4.2823691082105597E-007   4.8972384223411325E-006   2.4239644795809312E-006
        4330   1.1529585798817605        4.5142295279632094E-007   4.5183951609129025E-006   4.2332612157913729E-006
        4340   1.1556213017752521        4.7462027885636360E-007   4.0228402413688968E-006   5.9140662378442954E-006
        4350   1.1582840236687437        4.9479915875672020E-007   3.4296040816172990E-006   7.4219814978349063E-006
        4360   1.1609467455622353        5.0835853615538440E-007   2.7601573002744573E-006   8.7183257235778910E-006
        4370   1.1636094674557269        5.1157396940837430E-007   2.0375874030253982E-006   9.7711694910795899E-006
        4380   1.1662721893492185        5.0106567384133882E-007   1.2857422218015557E-006   1.0556090072499913E-005
        4390   1.1689349112427101        4.7423400917345759E-007   5.2838227682094896E-007   1.1056632481576401E-005
        4400   1.1715976331362017        4.2961556312448579E-007   2.1161873120512098E-007   1.1264480737738225E-005
        4410   1.1742603550296933        3.6712055351273420E-007   9.1299171178782501E-007   1.1179359098445474E-005
        4420   1.1769230769231849        2.8812576102765775E-007   1.5566821248702567E-006   1.0808695145803071E-005
        4430   1.1795857988166765        1.9541309681514463E-007   2.1263346482447432E-006   1.0167084769419077E-005
        4440   1.1822485207101681        9.2960956044052523E-008   2.6086440177985892E-006   9.2756028486906672E-006
        4450   1.1849112426036597        1.4388121472030946E-008   2.9935718924845034E-006   8.1610029163403652E-006
        4460   1.1875739644971512        1.2134661264706637E-007   3.2744369687920383E-006   6.8548453706629431E-006
        4470   1.1902366863906428        2.2264182608644489E-007   3.4478911518087685E-006   5.3925873400029189E-006
        4480   1.1928994082841344        3.1346635243068022E-007   3.5137984220057206E-006   3.8126595993670520E-006
        4490   1.1955621301776260        3.8987130002166026E-007   3.4750347979173313E-006   2.1555479148283041E-006
        4500   1.1982248520711176        4.4906279550449568E-007   3.3372277636889436E-006   4.6288882260547837E-007
        4510   1.2008875739646092        4.8957325982090794E-007   3.1084519226398655E-006   1.2234158707213894E-006
        4520   1.2035502958581008        5.1129501232871633E-007   2.7988950100921173E-006   2.8620653862443390E-006
        4530   1.2062130177515924        5.1537904388609945E-007   2.4205050879189116E-006   4.4132080029291032E-006
        4540   1.2088757396450840        5.0401591378257393E-007   1.9866264845402881E-006   5.8392709755272776E-006
        4550   1.2115384615385756        4.8012823361531787E-007   1.5116290528194298E-006   7.1057695217868755E-006
        4560   1.2142011834320672        4.4701231505239747E-007   1.0105332713949977E-006   8.1820876673965870E-006
        4570   1.2168639053255588        4.0797011713333831E-007   4.9863250628501277E-007   9.0422181977523053E-006
        4580   1.2195266272190504        3.6597159935869428E-007   8.8862257552335677E-009   9.6654431622766879E-006
        4590   1.2221893491125420        3.2338239308593586E-007   4.9732071016883594E-007   1.0036931210266609E-005
        4600   1.2248520710060335        2.8178295774505813E-007   9.5282715495415005E-007   1.0148223943962087E-005
        4610   1.2275147928995251        2.4189441549804513E-007   1.3627825488082834E-006   9.9975817753339413E-006
        4620   1.2301775147930167        2.0361374863941961E-007   1.7161269185717032E-006   9.5901603242021238E-006
        4630   1.2328402366865083        1.6614925391067459E-007   2.0036744443618915E-006   8.9379922925125754E-006
        4640   1.2355029585799999        1.2823633033232085E-007   2.2183808743303501E-006   8.0597564792173060E-006
        4650   1.2381656804734915        8.8405410547665042E-008   2.3555541681652414E-006   6.9803250901667724E-006
        4660   1.2408284023669831        4.5268896631256439E-008   2.4129959905749843E-006   5.7300921506575619E-006
        4670   1.2434911242604747        2.2070496541459761E-009   2.3910636706148125E-006   4.3440985015852362E-006
        4680   1.2461538461539663        5.4477278466080747E-008   2.2926454406047014E-006   2.8609816216107475E-006
        4690   1.2488165680474579        1.1126457666321699E-007   2.1230458973064970E-006   1.3217899965667357E-006
        4700   1.2514792899409495        1.7149544784267334E-007   1.8897833515829632E-006   2.3128927706395075E-007
        4710   1.2541420118344411        2.3333135090730650E-007   1.6023056195191288E-006   1.7562350658195669E-006
        4720   1.2568047337279327        2.9429118075796623E-007   1.2716354342856562E-006   3.2124727860072255E-006
        4730   1.2594674556214243        3.5145118459922742E-007   9.0996053514480479E-007   4.5620768889254038E-006
        4740   1.2621301775149159        4.0170027459929258E-007   5.3018638745960800E-007   5.7708473628625967E-006
        4750   1.2647928994084074        4.4202309612551005E-007   1.4547121773844651E-007   6.8092214378090432E-006
        4760   1.2674556213018990        4.6978096168714956E-007   2.3123659798063301E-007   7.6529930144175751E-006
        4770   1.2701183431953906        4.8296119725677045E-007   5.8763955890217545E-007   8.2838246060479293E-006
        4780   1.2727810650888822        4.8036920463623289E-007   9.1249320188779848E-007   8.6895486506310959E-006
        4790   1.2754437869823738        4.6174463697035151E-007   1.1959549283124815E-006   8.8642659432647264E-006
        4800   1.2781065088758654        4.2779047748631172E-007   1.4298684299918207E-006   8.8082576961134862E-006
        4810   1.2807692307693570        3.8011393677095384E-007   1.6079763490717269E-006   8.5277339851863587E-006
        4820   1.2834319526628486        3.2108711267575529E-007   1.7260575405630973E-006   8.0344448434299665E-006
        4830   1.2860946745563402        2.5364371203373537E-007   1.7819888397108130E-006   7.3451810223001957E-006
        4840   1.2887573964498318        1.8103410415193366E-007   1.7757343323543395E-006   6.4811901885342138E-006
        4850   1.2914201183433234        1.0656474325188015E-007   1.7092676652952221E-006   5.4675310601215443E-006
        4860   1.2940828402368150        3.3348437122882046E-008   1.5864348534844197E-006   4.3323842060516426E-006
        4870   1.2967455621303066        3.5910462048427405E-008   1.4127662817386977E-006   3.1063338286063669E-006
        4880   1.2994082840237982        9.9076309267864815E-008   1.1952472552811955E-006   1.8216310051499818E-006
        4890   1.3020710059172897        1.5467572511695948E-007   9.4205655776224972E-007   5.1144602730701649E-007
        4900   1.3047337278107813        2.0191923610912710E-007   6.6228220152453332E-007   7.9088443194486047E-007
        4910   1.3073964497042729        2.4065410375584406E-007   3.6562301619635917E-007   2.0526096926598569E-006
        4920   1.3100591715977645        2.7125824697549206E-007   6.2084062779632632E-008   3.2423104449064155E-006
        4930   1.3127218934912561        2.9449111771384651E-007   2.3832680962065922E-007   4.3306284038813203E-006
        4940   1.3153846153847477        3.1132091693475417E-007   5.2589452970153161E-007   5.2909684842283866E-006
        4950   1.3180473372782393        3.2274907446616652E-007   7.9147819409541853E-007   6.1001586303399691E-006
        4960   1.3207100591717309        3.2965203922152853E-007   1.0267723331569556E-006   6.7390491932384222E-006
        4970   1.3233727810652225        3.3265749987965165E-007   1.2245423168799618E-006   7.1930315674872958E-006
        4980   1.3260355029587141        3.3206755178927239E-007   1.3788283677040880E-006   7.4524545133902720E-006
        4990   1.3286982248522057        3.2783544023917699E-007   1.4851128951054449E-006   7.5129171005494655E-006
        5000   1.3313609467456973        3.1959636148659598E-007   1.5404462416768183E-006   7.3754193030683979E-006
        5010   1.3340236686391889        3.0674662210294912E-007   1.5435266069729892E-006   7.0463553891730868E-006
        5020   1.3366863905326805        2.8856027189938516E-007   1.4947307287460632E-006   6.5373410085278749E-006
        5030   1.3393491124261721        2.6432829403066904E-007   1.3960932332413023E-006   5.8648720112630670E-006
        5040   1.3420118343196636        2.3350341327166291E-007   1.2512340201720207E-006   5.0498211622285183E-006
        5050   1.3446745562131552        1.9583331434258611E-007   1.0652348831907688E-006   4.1167872749658940E-006
        5060   1.3473372781066468        1.5146660292675307E-007   8.4446852155473096E-007   3.0933193141402526E-006
        5070   1.3500000000001384        1.0101914271753998E-007   5.9638503979719815E-007   2.0090448440424069E-006
        5080   1.3526627218936300        4.5592908337610538E-008   3.2926295268076444E-007   8.9473757425295730E-007
        5090   1.3553254437871216        1.3255316178018006E-008   5.1933302325224417E-008   2.1863827837087513E-007
        5100   1.3579881656806132        7.3592664850963274E-008   2.2651327036271596E-007   1.3008682950843564E-006
        5110   1.3606508875741048        1.3322877134847033E-007   4.9702586557565098E-007   2.3233761439200862E-006
        5120   1.3633136094675964        1.8986242689145172E-007   7.5088826978486622E-007   3.2600269881388755E-006
        5130   1.3659763313610880        2.4124185227236694E-007   9.7999894199674031E-007   4.0878190754600752E-006
        5140   1.3686390532545796        2.8532301055150810E-007   1.1771263457305281E-006   4.7874435360473200E-006
        5150   1.3713017751480712        3.2041082498324158E-007   1.3361311393955688E-006   5.3437001912293169E-006
        5160   1.3739644970415628        3.4527034875608820E-007   1.4521483336915608E-006   5.7457647935077460E-006
        5170   1.3766272189350544        3.5919797891637018E-007   1.5217242811393916E-006   5.9873102642438170E-006
        5180   1.3792899408285459        3.6204769648939816E-007   1.5429053011883909E-006   6.0664904921736706E-006
        5190   1.3819526627220375        3.5421152166925651E-007   1.5152765613368757E-006   5.9857998055967698E-006
        5200   1.3846153846155291        3.3655833919787881E-007   1.4399516714558303E-006   5.7518243299359284E-006
        5210   1.3872781065090207        3.1033904668298362E-007   1.3195150201372741E-006   5.3749028847693836E-006
        5220   1.3899408284025123        2.7706900929125311E-007   1.1579202825462431E-006   4.8687151874560186E-006
        5230   1.3926035502960039        2.3840068541503001E-007   9.6034970320513224E-007   4.2498142458491373E-006
        5240   1.3952662721894955        1.9599908163137059E-007   7.3303958825210458E-007   3.5371180306942307E-006
        5250   1.3979289940829871        1.5143191411937096E-007   4.8307816913339963E-007   2.7513735927353622E-006
        5260   1.4005917159764787        1.0608405287548806E-007   2.1818238038484594E-007   1.9146047065543570E-006
        5270   1.4032544378699703        6.1102097381748877E-008   5.3539643163347250E-008   1.0495524482845298E-006
        5280   1.4059171597634619        1.7371987626191299E-008   3.2383347514652883E-007   1.7911689642602369E-007
        5290   1.4085798816569535        2.4471724646701887E-008   5.8454389284534614E-007   6.7419242666399981E-007
        5300   1.4112426035504451        6.4009462397152106E-008   8.2785430355336587E-007   1.4887897318294208E-006
        5310   1.4139053254439367        1.0098036218320061E-007   1.0465137358917076E-006   2.2445216679711777E-006
        5320   1.4165680473374282        1.3521506603275668E-007   1.2340453996451117E-006   2.9231424563125330E-006
        5330   1.4192307692309198        1.6656733925479728E-007   1.3849312723301921E-006   3.5087456373705805E-006
        5340   1.4218934911244114        1.9485363644822229E-007   1.4947678044219259E-006   3.9881416572518091E-006
        5350   1.4245562130179030        2.1980833353474338E-007   1.5603884651049782E-006   4.3511702721987788E-006
        5360   1.4272189349113946        2.4106019158587344E-007   1.5799497523616424E-006   4.5909369954522106E-006
        5370   1.4298816568048862        2.5813281179232206E-007   1.5529781882683835E-006   4.7039638629842173E-006
        5380   1.4325443786983778        2.7046882544734530E-007   1.4803769132765154E-006   4.6902466718234948E-006
        5390   1.4352071005918694        2.7747489228513444E-007   1.3643916352279462E-006   4.5532136327963713E-006
        5400   1.4378698224853610        2.7858204931785480E-007   1.2085369287540004E-006   4.2995837288284378E-006
        5410   1.4405325443788526        2.7331437246758128E-007   1.0174851139410634E-006   3.9391270861832695E-006
        5420   1.4431952662723442        2.6135791253434348E-007   7.9692113441609536E-007   3.4843338259094025E-006
        5430   1.4458579881658358        2.4262196107738276E-007   5.5336802118333139E-007   2.9500020357620116E-006
        5440   1.4485207100593274        2.1728546750754418E-007   2.9398847112283022E-007   2.3527592263317132E-006
        5450   1.4511834319528190        1.8582308958237093E-007   2.6368857986014405E-008   1.7105347087653655E-006
        5460   1.4538461538463106        1.4900747591362062E-007   2.4170743884166512E-007   1.0420025552404510E-006
        5470   1.4565088757398021        1.0788686155560612E-007   5.0249025407289594E-007   3.6601579167516718E-007
        5480   1.4591715976332937        6.3739432176745936E-008   7.4848924824788554E-007   2.9894753272863284E-007
        5490   1.4618343195267853        1.8008417090875639E-008   9.7269003029865075E-007   9.3530704958766364E-007
        5500   1.4644970414202769        2.7776465127971051E-008   1.1687534147153400E-006   1.5268543334112650E-006
        5510   1.4671597633137685        7.2084308744280179E-008   1.3311922016923106E-006   2.0591646077150472E-006
        5520   1.4698224852072601        1.1346757244901085E-007   1.4555206833133383E-006   2.5199352817750764E-006
        5530   1.4724852071007517        1.5063886849020491E-007   1.5383731676310575E-006   2.8992445841868886E-006
        5540   1.4751479289942433        1.8253370948073666E-007   1.5775887771685149E-006   3.1897272521064224E-006
        5550   1.4778106508877349        2.0835476233216355E-007   1.5722609177926117E-006   3.3866678237348680E-006
        5560   1.4804733727812265        2.2759486006940222E-007   1.5227507977888521E-006   3.4880150221461292E-006
        5570   1.4831360946747181        2.4003837917341286E-007   1.4306654022577803E-006   3.4943231066453251E-006
        5580   1.4857988165682097        2.4574251189513063E-007   1.2988011959258472E-006   3.4086277740374982E-006
        5590   1.4884615384617013        2.4500184681031101E-007   1.1310556734533961E-006   3.2362651820605493E-006
        5600   1.4911242603551929        2.3830100315258562E-007   9.3230960895862580E-007   2.9846430815716474E-006
        5610   1.4937869822486844        2.2626077700316216E-007   7.0828346621087945E-007   2.6629729992233564E-006
        5620   1.4964497041421760        2.0958353963429488E-007   4.6537202191831994E-007   2.2819720018052436E-006
        5630   1.4991124260356676        1.8900302456437146E-007   2.1046173348526764E-007   1.8535420178711348E-006
        5640   1.5017751479291592        1.6524286472474614E-007   4.9264286650085864E-008   1.3904340443460228E-006
        5650   1.5044378698226508        1.3898671946677155E-007   3.0652844440481886E-007   9.0590415102731470E-007
        5660   1.5071005917161424        1.1086138029803294E-007   5.5416260891227864E-007   4.1336775669087444E-007
        5670   1.5097633136096340        8.1432599330355515E-008   7.8530829594747331E-007   7.3941527456433676E-008
        5680   1.5124260355031256        5.1211969331887985E-008   9.9360763017308784E-007   5.4330209986463984E-007
        5690   1.5150887573966172        2.0671886424850072E-008   1.1733797506963128E-006   9.8281719584925042E-007
        5700   1.5177514792901088        9.7349200922636214E-009   1.3197776476125966E-006   1.3817037645136310E-006
        5710   1.5204142011836004        3.9555317465911344E-008   1.4289208905005069E-006   1.7305506625486800E-006
        5720   1.5230769230770920        6.8318868118311116E-008   1.4980003233411310E-006   2.0215396524525531E-006
        5730   1.5257396449705836        9.5527287080621193E-008   1.5253515737168044E-006   2.2486229717122441E-006
        5740   1.5284023668640752        1.2065244336945113E-007   1.5104951596178751E-006   2.4076519268279029E-006
        5750   1.5310650887575668        1.4314402363435619E-007   1.4541419748326234E-006   2.4964521451176225E-006
        5760   1.5337278106510583        1.6244652079056010E-007   1.3581640379012327E-006   2.5148424591669993E-006
        5770   1.5363905325445499        1.7802433138758289E-007   1.2255315184894755E-006   2.4645961683722462E-006
        5780   1.5390532544380415        1.8939248525029484E-007   1.0602181579333347E-006   2.3493454909262468E-006
        5790   1.5417159763315331        1.9614987523119964E-007   8.6707822077869423E-007   2.1744320509720083E-006
        5800   1.5443786982250247        1.9801164952149009E-007   6.5169906759976470E-007   1.9467084187985151E-006
        5810   1.5470414201185163        1.9483719260193766E-007   4.2023416146896864E-007   1.6742976319816805E-006
        5820   1.5497041420120079        1.8665076395585345E-007   1.7922189821106826E-007   1.3663193803026275E-006
        5830   1.5523668639054995        1.7365240057021225E-007   6.4603997929069124E-008   1.0325926472765090E-006
        5840   1.5550295857989911        1.5621767679441234E-007   3.0450663623948770E-007   6.8332557645600644E-007
        5850   1.5576923076924827        1.3488605399292197E-007   5.3393494636733152E-007   3.2880338651786190E-007
        5860   1.5603550295859743        1.1033844637964307E-007   7.4670398753085010E-007   2.0914919351966432E-008
        5870   1.5630177514794659        8.3365863989826039E-008   9.3716160676216020E-007   3.5628133976395304E-007
        5880   1.5656804733729575        5.4831500118091014E-008   1.1003370685713776E-006   6.6851640223575259E-007
        5890   1.5683431952664491        2.5629386835035461E-008   1.2320679677602087E-006   9.4983236764711876E-007
        5900   1.5710059171599406        3.3572455926389466E-009   1.3291025701134274E-006   1.1936167787496288E-006
        5910   1.5736686390534322        3.1294746349885827E-008   1.3891754526706990E-006   1.3945727563857702E-006
        5920   1.5763313609469238        5.7432331557194516E-008   1.4110551720403208E-006   1.5488143476627414E-006
        5930   1.5789940828404154        8.1127818241100158E-008   1.3945634014245201E-006   1.6539168108398172E-006
        5940   1.5816568047339070        1.0186457988226039E-007   1.3405657368625867E-006   1.7089232267064602E-006
        5950   1.5843195266273986        1.1925937326573433E-007   1.2509349884837206E-006   1.7143100323746552E-006
        5960   1.5869822485208902        1.3306154134085091E-007   1.1284884203766055E-006   1.6719149560362467E-006
        5970   1.5896449704143818        1.4314476781684959E-007   9.7690091904745202E-007   1.5848315833011384E-006
        5980   1.5923076923078734        1.4949321869295318E-007   8.0059657880937607E-007   1.4572751509955850E-006
        5990   1.5949704142013650        1.5218410220896317E-007   6.0462164130914431E-007   1.2944244249801784E-006
        6000   1.5976331360948566        1.5136886610811473E-007   3.9450212918623606E-007   1.1022446750885706E-006
        6010   1.6002958579883482        1.4725502928136791E-007   1.7608985181105652E-007   8.8729670411069606E-007
        6020   1.6029585798818398        1.4009033333373111E-007   4.4599237414288950E-008   6.5653690484168692E-007
        6030   1.6056213017753314        1.3015038158314951E-007   2.6155010646178312E-007   4.1711324461068955E-007
        6040   1.6082840236688229        1.1773030639261606E-007   4.6891279281702225E-007   1.7616205094661552E-007
        6050   1.6109467455623145        1.0314044818215962E-007   6.6116121888448731E-007   5.9389616668958922E-008
        6060   1.6136094674558061        8.6705533641762145E-008   8.3324230870651661E-007   2.8301130972074873E-007
        6070   1.6162721893492977        6.8766258909391809E-008   9.8071124843279733E-007   4.8874165314849449E-007
        6080   1.6189349112427893        4.9682054914512719E-008   1.0998490238556258E-006   6.7134158576731551E-007
        6090   1.6215976331362809        2.9833630899034347E-008   1.1877588308450981E-006   8.2642434007240695E-007
        6100   1.6242603550297725        9.6240140301517840E-009   1.2424385413822847E-006   9.5055865489968028E-007
        6110   1.6269230769232641        1.0523037996534867E-008   1.2628270953385368E-006   1.0413422738553280E-006
        6120   1.6295857988167557        3.0167902065336705E-008   1.2488235008323301E-006   1.0974436421840039E-006
        6130   1.6322485207102473        4.8863534773957440E-008   1.2012780026271486E-006   1.1186106212424107E-006
        6140   1.6349112426037389        6.6167260337479661E-008   1.1219558488928527E-006   1.1056461542979790E-006
        6150   1.6375739644972305        8.1655321393370173E-008   1.0134750276780125E-006   1.0603518370011500E-006
        6160   1.6402366863907221        9.4939090145018667E-008   8.7922014113672731E-007   9.8544164750524743E-007
        6170   1.6428994082842137        1.0568176900260795E-007   7.2323542066321522E-007   8.8442899393026408E-007
        6180   1.6455621301777053        1.1361414109511969E-007   5.5010044408554393E-007   7.6149139993653137E-007
        6190   1.6482248520711968        1.1854800319177627E-007   3.6479269316380680E-007   6.2131781619623183E-007
        6200   1.6508875739646884        1.2038619023879704E-007   1.7254137585354101E-007   4.6894418326282050E-007
        6210   1.6535502958581800        1.1912816677561722E-007   2.1322904886211802E-008   3.0958321239893394E-007
        6220   1.6562130177516716        1.1487077367089427E-007   2.1151805684738179E-007   1.4845439755273304E-007
        6230   1.6588757396451632        1.0780390791165217E-007   3.9295560450014477E-007   9.3799783495995825E-009
        6240   1.6615384615386548        9.8201591858249060E-008   5.6087693345308054E-007   1.5916743079102957E-007
        6250   1.6642011834321464        8.6408924127034936E-008   7.1097706144662709E-007   2.9660185574265086E-007
        6260   1.6668639053256380        7.2826046304541592E-008   8.3951286722339091E-007   4.1794020066987514E-007
        6270   1.6695266272191296        5.7890255589221340E-008   9.4339329426151863E-007   5.2009631157368119E-007
        6280   1.6721893491126212        4.2057450189147971E-008   1.0202496775191250E-006   6.0071006346973377E-007
        6290   1.6748520710061128        2.5784223200986389E-008   1.0684849458542089E-006   6.5819080607987246E-007
        6300   1.6775147928996044        9.5116033937969746E-009   1.0873011024870038E-006   6.9173510208742073E-007
        6310   1.6801775147930960        6.3487075596668774E-009   1.0767049141158225E-006   7.0131959750696637E-007
        6320   1.6828402366865876        2.1425047957990273E-008   1.0374922958522603E-006   6.8767052430196429E-007
        6330   1.6855029585800791        3.5393237451941673E-008   9.7121235853592225E-007   6.5221201794862793E-007
        6340   1.6881656804735707        4.7980818873583075E-008   8.8011249688157989E-007   5.9699577503735668E-007
        6350   1.6908284023670623        5.8968425475924846E-008   7.6706632012868425E-007   5.2461498345479640E-007
        6360   1.6934911242605539        6.8188784840828021E-008   6.3548650131028950E-007   4.3810567240676335E-007
        6370   1.6961538461540455        7.5524068332555316E-008   4.8922498385728375E-007   3.4083865618761422E-007
        6380   1.6988165680475371        8.0902198051902019E-008   3.3246318797974794E-007   2.3640544299929900E-007
        6390   1.7014792899410287        8.4292798963048199E-008   1.6959508375435917E-007   1.2850131425601319E-007
        6400   1.7041420118345203        8.5703310004348054E-008   5.1061729289259006E-009   2.0808840206498758E-008
        6410   1.7068047337280119        8.5175644315427235E-008   1.5654850393787001E-007   8.3115088700402850E-008
        6420   1.7094674556215035        8.2783558674748292E-008   3.1106413556081236E-007   1.7994571532842230E-007
        6430   1.7121301775149951        7.8630745470320562E-008   4.5440053209055975E-007   2.6668757258097031E-007
        6440   1.7147928994084867        7.2849493326643255E-008   5.8288809046125323E-007   3.4075974619796057E-007
        6450   1.7174556213019783        6.5599608412014732E-008   6.9332246943609732E-007   4.0006700940953266E-007
        6460   1.7201183431954699        5.7067247594133619E-008   7.8304539230522607E-007   4.4305480906281502E-007
        6470   1.7227810650889614        4.7463261987346073E-008   8.5000936045354081E-007   4.6874665526885906E-007
        6480   1.7254437869824530        3.7020726040282170E-008   8.9282452098160547E-007   4.7676286840658832E-007
        6490   1.7281065088759446        2.5991366170430297E-008   9.1078645003683789E-007   4.6732013814221318E-007
        6500   1.7307692307694362        1.4640804568699650E-008   9.0388418549913752E-007   4.4121207987135591E-007
        6510   1.7334319526629278        3.2425879759045984E-009   8.7278846794269782E-007   3.9977145327441121E-007
        6520   1.7360946745564194        7.9288248189257615E-009   8.1882076252703939E-007   3.4481542765529838E-007
        6530   1.7387573964499110        1.8605806562099758E-008   7.4390424220638351E-007   2.7857582973744854E-007
        6540   1.7414201183434026        2.8535665275164490E-008   6.5049847086662282E-007   2.0361683195080360E-007
        6550   1.7440828402368942        3.7488612991687376E-008   5.4152005812824200E-007   1.2274304750370391E-007
        6560   1.7467455621303858        4.5265118098214430E-008   4.2025189084249348E-007   3.8901282528591707E-008
        6570   1.7494082840238774        5.1702219283633610E-008   2.9024394310184221E-007   4.4920647646051748E-008
        6580   1.7520710059173690        5.6678351012529049E-008   1.5520878338115551E-007   1.2579437980164698E-007
        6590   1.7547337278108606        6.0116450817382372E-008   1.8915019328602511E-008   2.0094746777665762E-007
        6600   1.7573964497043522        6.1985157562283177E-008   1.1491816398478960E-007   2.6785248330440936E-007
        6610   1.7600591715978438        6.2298103897795443E-008   2.4272233123401321E-007   3.2430601804023240E-007
        6620   1.7627218934913353        6.1111419591419747E-008   3.6117422308468150E-007   3.6849508244785056E-007
        6630   1.7653846153848269        5.8519615486751775E-008   4.6728082592206732E-007   3.9904909199250937E-007
        6640   1.7680473372783185        5.4650315273185868E-008   5.5845300828138988E-007   4.1507609527258182E-007
        6650   1.7707100591718101        4.9658034351196534E-008   6.3256608351380805E-007   4.1618259305487015E-007
        6660   1.7733727810653017        4.3717561459821752E-008   6.8800608232777449E-007   4.0247676014182332E-007
        6670   1.7760355029587933        3.7017222287438756E-008   7.2370097259355504E-007   3.7455561940902271E-007
        6680   1.7786982248522849        2.9752455388276644E-008   7.3913649789592029E-007   3.3347696581920161E-007
        6690   1.7813609467457765        2.2119900910944068E-008   7.3435670266963626E-007   2.8071753610525718E-007
        6700   1.7840236686392681        1.4312238394431631E-008   7.0994960987835753E-007   2.1811905659419040E-007
        6710   1.7866863905327597        6.5138607840964369E-009   6.6701884804398759E-007   1.4782420953984854E-007
        6720   1.7893491124262513        1.1025844681711305E-009   6.0714234151326707E-007   7.2204664913755323E-008
        6730   1.7920118343197429        8.3788465055079087E-009   5.3231944119325192E-007   6.2164429159849988E-009
        6740   1.7946745562132345        1.5173009071389743E-008   4.4490810013897431E-007   8.4845291348223384E-008
        6750   1.7973372781067261        2.1360844648654620E-008   3.4755392031016186E-007   1.6109896239235866E-007
        6760   1.8000000000002176        2.6836736166657715E-008   2.4311300517165790E-007   2.3248556335619952E-007
        6770   1.8026627218937092        3.1514244769326183E-008   1.3457071867950532E-007   2.9668063961096891E-007
        6780   1.8053254437872008        3.5326514380429330E-008   2.4958501487759577E-008   3.5159774014470457E-007
        6790   1.8079881656806924        3.8226494414317358E-008   8.2729070260967319E-008   3.9545126118145646E-007
        6800   1.8106508875741840        4.0187018823800713E-008   1.8561480263912244E-007   4.2680981537923657E-007
        6810   1.8133136094676756        4.1200768796656462E-008   2.8101486537757125E-007   4.4463866344379710E-007
        6820   1.8159763313611672        4.1280034945856414E-008   3.6650824131179149E-007   4.4833001477950774E-007
        6830   1.8186390532546588        4.0456212824224735E-008   4.3999783239101475E-007   4.3772033941902322E-007
        6840   1.8213017751481504        3.8778989130960895E-008   4.9976161098364003E-007   4.1309415466095345E-007
        6850   1.8239644970416420        3.6315158880029230E-008   5.4449250330712573E-007   3.7517417639243433E-007
        6860   1.8266272189351336        3.3146970057629233E-008   5.7332601244297621E-007   3.2509807690317416E-007
        6870   1.8292899408286252        2.9370088583391407E-008   5.8585493900586982E-007   2.6438252365146298E-007
        6880   1.8319526627221168        2.5091123179166175E-008   5.8213094789039133E-007   1.9487560587450048E-007
        6890   1.8346153846156084        2.0424800517560016E-008   5.6265312609049545E-007   1.1869904770200890E-007
        6900   1.8372781065091000        1.5490891014380281E-008   5.2834407537893924E-007   3.8182069950210007E-008
        6910   1.8399408284025915        1.0410988737774574E-008   4.8051445089569711E-007   4.4211072358635306E-008
        6920   1.8426035502960831        5.3052926496377495E-009   4.2081722151365852E-007   1.2595752219013434E-007
        6930   1.8452662721895747        2.8948554664509629E-010   3.5119318808618516E-007   2.0455382077066986E-007
        6940   1.8479289940830663        4.5280899030331057E-009   2.7380959122247361E-007   2.7759293730333923E-007
        6950   1.8505917159765579        9.0489391535442110E-009   1.9099376080689012E-007   3.4283793493017356E-007
        6960   1.8532544378700495        1.3186424285827059E-008   1.0516389603587584E-007   3.9828989306656126E-007
        6970   1.8559171597635411        1.6867304664103244E-008   1.8759078068697477E-008   4.4224801976078254E-007
        6980   1.8585798816570327        2.0032763337063386E-008   6.5829423911978324E-008   4.7336013175858227E-007
        6990   1.8612426035505243        2.2638889873860535E-008   1.4632359279787011E-007   4.9066201412983901E-007
        7000   1.8639053254440159        2.4656718777826825E-008   2.2061907900550182E-007   4.9360462850422948E-007
        7010   1.8665680473375075        2.6071829806184610E-008   2.8683900477055602E-007   4.8206842495623903E-007
        7020   1.8692307692309991        2.6883627990414993E-008   3.4337986620780470E-007   4.5636462564502267E-007
        7030   1.8718934911244907        2.7104337885219820E-008   3.8894848786164005E-007   4.1722357457807391E-007
        7040   1.8745562130179823        2.6757834059587537E-008   4.2258929511262977E-007   3.6577073370125390E-007
        7050   1.8772189349114738        2.5878281517677237E-008   4.4370147755934397E-007   3.0349128254947288E-007
        7060   1.8798816568049654        2.4508763241115616E-008   4.5204589327330069E-007   2.3218450673212487E-007
        7070   1.8825443786984570        2.2699847668228301E-008   4.4774185303797509E-007   1.5390950669491588E-007
        7080   1.8852071005919486        2.0508147069442373E-008   4.3125418791589709E-007   7.0923889872176460E-008
        7090   1.8878698224854402        1.7994892465011958E-008   4.0337124784795009E-007   1.4382693258596646E-008
        7100   1.8905325443789318        1.5224531635382732E-008   3.6517466406316146E-007   9.9558203570104808E-008
        7110   1.8931952662724234        1.2263344451035607E-008   3.1800192645814462E-007   1.8215910113639211E-007
        7120   1.8958579881659150        9.1781006128499598E-009   2.6340294945192966E-007   2.5982049789430306E-007
        7130   1.8985207100594066        6.0347626895662643E-009   2.0309193715650764E-007   3.3032354718187662E-007
        7140   1.9011834319528982        2.8972245713632105E-009   1.3889593630800334E-007   3.9165837328880571E-007
        7150   1.9038461538463898        1.7382717487635091E-010   7.2701531572683109E-008   4.4208070426599022E-007
        7160   1.9065088757398814        3.1220046547986158E-009   6.4011425049415038E-009   4.8016075870904729E-007
        7170   1.9091715976333730        5.8961322491057899E-009   5.8159609794827816E-008   5.0482303559640229E-007
        7180   1.9118343195268646        8.4510145548222226E-009   1.1923206844066669E-007   5.1537590251005128E-007
        7190   1.9144970414203561        1.0748042900132759E-008   1.7521090511785076E-007   5.1153021929373210E-007
        7200   1.9171597633138477        1.2755573042255719E-008   2.2467548177473873E-007   4.9340643337725254E-007
        7210   1.9198224852073393        1.4449105467662093E-008   2.6642513417662883E-007   4.6152999222393021E-007
        7220   1.9224852071008309        1.5811292719547509E-008   2.9950750701779327E-007   4.1681515594582663E-007
        7230   1.9251479289943225        1.6831723570476242E-008   3.2323926024702132E-007   3.6053770835486887E-007
        7240   1.9278106508878141        1.7506573746217668E-008   3.3721868164526825E-007   2.9429737469222061E-007
        7250   1.9304733727813057        1.7838125865310417E-008   3.4133001491909454E-007   2.1997095200898542E-007
        7260   1.9331360946747973        1.7834219656620576E-008   3.3573949709264639E-007   1.3965767586832101E-007
        7270   1.9357988165682889        1.7507645333481037E-008   3.2088342760694388E-007   5.5618304406479524E-008
        7280   1.9384615384617805        1.6875560726603567E-008   2.9744874008308386E-007   2.9790144573382804E-008
        7290   1.9411242603552721        1.5958912191749164E-008   2.6634683192305886E-007   1.1418214951319783E-007
        7300   1.9437869822487637        1.4781910806505039E-008   2.2868155280519886E-007   1.9521184135840031E-007
        7310   1.9464497041422553        1.3371608487133813E-008   1.8571246074294834E-007   2.7063956964390457E-007
        7320   1.9491124260357469        1.1757474327467321E-008   1.3881450433572695E-007   3.3839490765075197E-007
        7330   1.9517751479292385        9.9710781853445951E-009   8.9435453487496375E-008   3.9663426476543862E-007
        7340   1.9544378698227300        8.0457764894958927E-009   3.9052367339920124E-008   4.4379144714667973E-007
        7350   1.9571005917162216        6.0163845017058293E-009   1.0871578193238918E-008   4.7861980645436120E-007
        7360   1.9597633136097132        3.9188674527679268E-009   5.8928654622647514E-008   5.0022478315092656E-007
        7370   1.9624260355032048        1.7899559612288840E-009   1.0380535431231408E-007   5.0808609342034572E-007
        7380   1.9650887573966964        3.3330627147165615E-010   1.4431733852404705E-007   5.0206902679761356E-007
        7390   1.9677514792901880        2.4140555110463424E-009   1.7943964425448655E-007   4.8242471151205280E-007
        7400   1.9704142011836796        4.4162269396963438E-009   2.0833143543619315E-007   4.4977952562419432E-007
        7410   1.9730769230771712        6.3051603937935852E-009   2.3035475316124376E-007   4.0511411980581613E-007
        7420   1.9757396449706628        8.0483060216351987E-009   2.4508690177338366E-007   3.4973278806305075E-007
        7430   1.9784023668641544        9.6158681017755043E-009   2.5232633049654396E-007   2.8522424067034535E-007
        7440   1.9810650887576460        1.0981482168048728E-008   2.5209204290721487E-007   2.1341495881621597E-007
        7450   1.9837278106511376        1.2122750026044571E-008   2.4461673309161824E-007   1.3631655337853488E-007
        7460   1.9863905325446292        1.3021722478079312E-008   2.3033405771588633E-007   5.6068644838092041E-008
        7470   1.9890532544381208        1.3665240050642069E-008   2.0986054349858563E-007   2.5121117741555565E-008
        7480   1.9917159763316123        1.4045113960747813E-008   1.8397281853488323E-007   1.0503826441965458E-007
        7490   1.9943786982251039        1.4158163641475596E-008   1.5358092042561111E-007   1.8152220504497052E-007
        7500   1.9970414201185955        1.4006134807509341E-008   1.1969852964366368E-007   2.5252488677907081E-007
        7510   1.9997041420120871        1.3595452874604064E-008   8.3411064832894510E-008   3.1616578177739996E-007
        7520   2.0023668639055785        1.2936916204964177E-008   4.5842553975106171E-008   3.7078178738436662E-007
        7530   2.0050295857990701        1.2045297870244553E-008   8.1222771841638064E-009   4.1497074310115067E-007
        7540   2.0076923076925617        1.0938920769199001E-008   2.8647917593715988E-008   4.4762742246184928E-007
        7550   2.0103550295860533        9.6392378523546540E-009   6.3424673735212878E-008   4.6797109909402224E-007
        7560   2.0130177514795449        8.1704120136194547E-009   9.5251760034997801E-008   4.7556395732506473E-007
        7570   2.0156804733730365        6.5589542685984270E-009   1.2328548626427960E-007   4.7031994687696255E-007
        7580   2.0183431952665281        4.8333922419985242E-009   1.4681626669954539E-007   4.5250384261841248E-007
        7590   2.0210059171600196        3.0239611925608756E-009   1.6528577528873711E-007   4.2272066280713005E-007
        7600   2.0236686390535112        1.1623481066536101E-009   1.7829931087121054E-007   3.8189572715285891E-007
        7610   2.0263313609470028        7.1860073447282957E-010   1.8563309733821143E-007   3.3124601728218295E-007
        7620   2.0289940828404944        2.5851831786383173E-009   1.8723641326268137E-007   2.7224371712541995E-007
        7630   2.0316568047339860        4.4031818191569982E-009   1.8322861916608701E-007   2.0657296839754480E-007
        7640   2.0343195266274776        6.1383231830802742E-009   1.7389124384870058E-007   1.3608119087127335E-007
        7650   2.0369822485209692        7.7567725575988788E-009   1.5965550570484766E-007   6.2726352112463246E-008
        7660   2.0396449704144608        9.2257812500662340E-009   1.4108570622894945E-007   1.1478246353391341E-008
        7670   2.0423076923079524        1.0514385584414754E-008   1.1885911477271804E-007   8.4520081156114202E-008
        7680   2.0449704142014440        1.1594184501362292E-008   9.3742989815126521E-008   1.5444278678167223E-007
        7690   2.0476331360949356        1.2440178220884945E-008   6.6569515011494218E-008   2.1939922856262228E-007
        7700   2.0502958579884272        1.3031568490973200E-008   3.8209428954161240E-008   2.7770082744460467E-007
        7710   2.0529585798819188        1.3352557060031245E-008   9.5451841986005093E-009   3.2786176396015776E-007
        7720   2.0556213017754104        1.3393014697271610E-008   1.8555567748990143E-008   3.6863687302712833E-007
        7730   2.0582840236689020        1.3149026534264863E-008   4.5265369119640297E-008   3.9905231141723618E-007
        7740   2.0609467455623935        1.2623258660582337E-008   6.9820507597739834E-008   4.1842825937443706E-007
        7750   2.0636094674558851        1.1825100010298684E-008   9.1542067481853451E-008   4.2639311392811408E-007
        7760   2.0662721893493767        1.0770583314112514E-008   1.0985392262519156E-007   4.2288902935005979E-007
        7770   2.0689349112428683        9.4820784557470006E-009   1.2429722084927874E-007   4.0816873192461856E-007
        7780   2.0715976331363599        7.9877577885412165E-009   1.3454101333021384E-007   3.8278393743595984E-007
        7790   2.0742603550298515        6.3208540623804765E-009   1.4038883178191242E-007   3.4756581257511243E-007
        7800   2.0769230769233431        4.5187726893658464E-009   1.4178111407137095E-007   3.0359817682068524E-007
        7810   2.0795857988168347        2.6220805526833146E-009   1.3879352622758745E-007   2.5218432075924113E-007
        7820   2.0822485207103263        6.7340155673889512E-010   1.3163131629134739E-007   1.9480844781760709E-007
        7830   2.0849112426038179        1.2836803842120048E-009   1.2062000087631475E-007   1.3309287116847202E-007
        7840   2.0875739644973095        3.2057198007251486E-009   1.0619271684220166E-007   6.8752181947573376E-008
        7850   2.0902366863908011        5.0504438409149088E-009   8.8874697046215090E-008   3.5456904079467222E-009
        7860   2.0928994082842927        6.7777060630547226E-009   6.9265417623753933E-008   6.0770611876037606E-008
        7870   2.0955621301777843        8.3503151060426717E-009   4.8018948706207709E-008   1.2249124570207215E-007
        7880   2.0982248520712758        9.7347681027315502E-009   2.5823166382998863E-008   1.8000637047599355E-007
        7890   2.1008875739647674        1.0901844316180132E-008   3.3784266495473503E-009   2.3184367792250526E-007
        7900   2.1035502958582590        1.1827104184902737E-008   1.8623648845306207E-008   2.7670596058904096E-007
        7910   2.1062130177517506        1.2491285006355213E-008   3.9520661410108460E-008   3.1350342699631994E-007
        7920   2.1088757396452422        1.2880566502282420E-008   5.8698619298525045E-008   3.4137996984817676E-007
        7930   2.1115384615387338        1.2986829056593763E-008   7.5609271510401754E-008   3.5973273460054855E-007
        7940   2.1142011834322254        1.2807769844691563E-008   8.9785137546982696E-008   3.6822455118379338E-007
        7950   2.1168639053257170        1.2346986211220212E-008   1.0085180512930947E-007   3.6678898285291694E-007
        7960   2.1195266272192086        1.1613966788281971E-008   1.0853723098058765E-007   3.5562794231669415E-007
        7970   2.1221893491127002        1.0624042645623888E-008   1.1267778532442208E-007   3.3520202857850734E-007
        7980   2.1248520710061918        9.3981660231889919E-009   1.1322094195520549E-007   3.0621391244878282E-007
        7990   2.1275147928996834        7.9626740756566505E-009   1.1022460300047499E-007   2.6958539300903084E-007
        8000   2.1301775147931750        6.3488772017450401E-009   1.0385312809724212E-007   2.2642874808465052E-007
        8010   2.1328402366866666        4.5925034886096228E-009   9.4370252057274229E-008   1.7801334240008515E-007
        8020   2.1355029585801582        2.7330535612435369E-009   8.2129162803923350E-008   1.2572843233193964E-007
        8030   2.1381656804736497        8.1295581377816006E-010   6.7560090188933941E-008   7.1043284699534581E-008
        8040   2.1408284023671413        1.1233698415935578E-009   5.1155818026060729E-008   1.5465805747183481E-008
        8050   2.1434911242606329        3.0305631337768091E-009   3.3455594516951237E-008   3.9499229886885701E-008
        8060   2.1461538461541245        4.8634818394788226E-009   1.5027965760694428E-008   9.2391035266814470E-008
        8070   2.1488165680476161        6.5784075964359090E-009   3.5469632786444549E-009   1.4183178342896952E-007
        8080   2.1514792899411077        8.1342046431842618E-009   2.1695255592035778E-008   1.8656249700654826E-007
        8090   2.1541420118345993        9.4935042049826279E-009   3.8866365792422641E-008   2.2547501599134989E-007
        8100   2.1568047337280909        1.0623762980443985E-008   5.4549322725527816E-008   2.5763918398702401E-007
        8110   2.1594674556215825        1.1498175300772573E-008   6.8287430154967410E-008   2.8232461612986981E-007
        8120   2.1621301775150741        1.2096472934430835E-008   7.9691063192832701E-008   2.9901656239950114E-007
        8130   2.1647928994085657        1.2405434901552326E-008   8.8448211643665786E-008   3.0742556433871471E-007
        8140   2.1674556213020573        1.2419252293227601E-008   9.4332507472039140E-008   3.0749076618263871E-007
        8150   2.1701183431955489        1.2139591110127412E-008   9.7208553095917694E-008   2.9937694301374052E-007
        8160   2.1727810650890405        1.1575508107597443E-008   9.7034415502683657E-008   2.8346548197610844E-007
        8170   2.1754437869825320        1.0743049339012600E-008   9.3861301619924120E-008   2.6033967182037543E-007
        8180   2.1781065088760236        9.6647463365684416E-009   8.7830449357895191E-008   2.3076485766715393E-007
        8190   2.1807692307695152        8.3688622698474546E-009   7.9167394639867439E-008   1.9566407716276046E-007
        8200   2.1834319526630068        6.8885901427506724E-009   6.8173824363526592E-008   1.5608998182869982E-007
        8210   2.1860946745564984        5.2610722445223246E-009   5.5217297068033133E-008   1.1319381743035706E-007
        8220   2.1887573964499900        3.5264213771313280E-009   4.0719189908777764E-008   6.8192416824430779E-008
        8230   2.1914201183434816        1.7266823526540520E-009   2.5141225545866064E-008   2.2334076366092859E-008
        8240   2.1940828402369732        9.5207064454427837E-011   8.9710400219544795E-009   2.3135699800391762E-008
        8250   2.1967455621304648        1.8963991488263332E-009   7.2928034722252733E-009   6.7007731030521711E-008
        8260   2.1994082840239564        3.6351091026176618E-009   2.3155880768399584E-008   1.0814099404843347E-007
        8270   2.2020710059174480        5.2715259934998926E-009   3.8142615066405483E-008   1.4549203819491652E-007
        8280   2.2047337278109396        6.7686164451075115E-009   5.1810205459190684E-008   1.7814116759495846E-007
        8290   2.2073964497044312        8.0929141166308227E-009   6.3761368185311085E-008   2.0531476552232419E-007
        8300   2.2100591715979228        9.2151718478206135E-009   7.3655535448580167E-008   2.2640323071865254E-007
        8310   2.2127218934914143        1.0110973724941630E-008   8.1218220815415521E-008   2.4097411244206057E-007
        8320   2.2153846153849059        1.0761228352862418E-008   8.6248270525501880E-008   2.4878018511920175E-007
        8330   2.2180473372783975        1.1152566647965045E-008   8.8622848837260904E-008   2.4976228785167365E-007
        8340   2.2207100591718891        1.1277656697394889E-008   8.8300029066346042E-008   2.4404701282065844E-007
        8350   2.2233727810653807        1.1135381505766873E-008   8.5318951681401245E-008   2.3193933496035157E-007
        8360   2.2260355029588723        1.0730883626131060E-008   7.9797574104034652E-008   2.1391050619712360E-007
        8370   2.2286982248523639        1.0075513645624312E-008   7.1928129008469455E-008   1.9058164368868091E-007
        8380   2.2313609467458555        9.1865862694717748E-009   6.1970441445069469E-008   1.6270351776981329E-007
        8390   2.2340236686393471        8.0870143914779646E-009   5.0243346594314175E-008   1.3113322905322633E-007
        8400   2.2366863905328387        6.8047976142793232E-009   3.7114476381105987E-008   9.6808419614013985E-008
        8410   2.2393491124263303        5.3723411275186095E-009   2.2988752457209216E-008   6.0719849148682670E-008
        8420   2.2420118343198219        3.8256725565233296E-009   8.2959448199915187E-009   2.3883086397447073E-008
        8424   2.2430769230772185        3.1836299152487868E-009   2.3588595521317757E-009   9.1663403534170129E-009
